Comment: 
Version: 2.3 [3.0.8263]
File Name: C:\Users\Algiz 8X\Desktop\230621_toma5\cavendish\PSR-1100f_SN22A44H3_00039.sed
Instrument: PSR-1100f_22A44H3
Detectors: 512,0,0
Measurement: REFLECTANCE
Date: 06/21/2023,06/21/2023
Time: 10:49:25.71,11:02:34.09
Temperature (C): 29.04,31.29
Battery Voltage: 8.27,8.19
Averages: 10,10
Integration: 23,100
Dark Mode: AUTO,AUTO
Foreoptic: FIBER1 {RADIANCE},FIBER1 {RADIANCE}
Radiometric Calibration: RADIANCE
Units: W/m^2/sr/nm
Wavelength Range: 320,1100
Latitude: n/a
Longitude: n/a
Altitude: n/a
UTC Time: n/a
Satellites: n/a
Calibrated Reference Correction File: Sticker
Channels: 781
Columns [2]:
Data:
Wvl	Reflect. %
320.0	15.5008
321.0	16.0234
322.0	16.4862
323.0	16.7402
324.0	16.3382
325.0	15.1602
326.0	13.2947
327.0	11.0020
328.0	7.8087
329.0	4.5909
330.0	3.2409
331.0	3.9456
332.0	5.7834
333.0	7.0519
334.0	7.6370
335.0	8.3156
336.0	10.1451
337.0	12.1563
338.0	13.5202
339.0	13.1439
340.0	12.1071
341.0	10.8428
342.0	9.9023
343.0	8.3743
344.0	7.2136
345.0	7.1256
346.0	7.2725
347.0	7.0707
348.0	6.0252
349.0	3.9334
350.0	2.5251
351.0	3.0929
352.0	2.0664
353.0	0.8020
354.0	0.2515
355.0	0.4214
356.0	1.0070
357.0	1.8244
358.0	2.4117
359.0	2.8878
360.0	3.2758
361.0	3.5542
362.0	3.6309
363.0	3.5023
364.0	3.5897
365.0	3.3759
366.0	2.6813
367.0	1.8057
368.0	1.3224
369.0	1.2884
370.0	1.1602
371.0	1.0364
372.0	0.9448
373.0	0.9587
374.0	1.1574
375.0	1.4654
376.0	1.5184
377.0	1.3010
378.0	0.9044
379.0	0.7338
380.0	0.7584
381.0	0.9975
382.0	1.5262
383.0	2.1078
384.0	2.6244
385.0	2.8924
386.0	2.7230
387.0	2.2307
388.0	1.6729
389.0	1.1402
390.0	0.8137
391.0	1.1152
392.0	1.2992
393.0	1.3577
394.0	1.4669
395.0	1.4867
396.0	1.4074
397.0	1.2462
398.0	0.9251
399.0	0.5288
400.0	0.2064
401.0	0.3533
402.0	0.7880
403.0	1.0199
404.0	1.1203
405.0	1.1776
406.0	1.4017
407.0	1.5906
408.0	1.6795
409.0	1.5637
410.0	1.3472
411.0	1.1424
412.0	1.1894
413.0	1.2059
414.0	1.1851
415.0	1.1799
416.0	1.1611
417.0	1.1086
418.0	0.9565
419.0	0.9666
420.0	1.1008
421.0	1.2202
422.0	1.3000
423.0	1.3171
424.0	1.2180
425.0	1.1624
426.0	1.1238
427.0	0.9890
428.0	0.9346
429.0	0.9293
430.0	0.8444
431.0	0.9053
432.0	1.0074
433.0	0.8450
434.0	0.7491
435.0	0.7408
436.0	0.7937
437.0	0.8762
438.0	0.9826
439.0	1.1344
440.0	1.1242
441.0	0.9875
442.0	0.8209
443.0	0.9044
444.0	1.0874
445.0	0.9305
446.0	0.9041
447.0	0.9885
448.0	0.9894
449.0	1.1042
450.0	1.2762
451.0	1.0459
452.0	0.9945
453.0	1.1640
454.0	1.1829
455.0	1.1268
456.0	1.0254
457.0	0.9489
458.0	1.0021
459.0	1.1510
460.0	1.1355
461.0	1.1011
462.0	1.0880
463.0	1.1265
464.0	1.1485
465.0	1.1273
466.0	1.1008
467.0	1.0357
468.0	0.9364
469.0	0.9632
470.0	1.0405
471.0	1.1328
472.0	1.1363
473.0	1.0901
474.0	1.0219
475.0	1.0628
476.0	1.1130
477.0	1.1003
478.0	1.0442
479.0	0.9745
480.0	0.9133
481.0	0.9609
482.0	1.0250
483.0	0.9780
484.0	0.9578
485.0	0.9640
486.0	0.9967
487.0	0.9969
488.0	0.9791
489.0	0.9824
490.0	1.0348
491.0	1.1085
492.0	1.1266
493.0	1.1930
494.0	1.2827
495.0	1.2957
496.0	1.2682
497.0	1.2320
498.0	1.2987
499.0	1.3557
500.0	1.3821
501.0	1.3901
502.0	1.4020
503.0	1.4370
504.0	1.5718
505.0	1.7014
506.0	1.7660
507.0	1.7678
508.0	1.8137
509.0	1.9833
510.0	2.0295
511.0	2.0650
512.0	2.1948
513.0	2.2789
514.0	2.3775
515.0	2.5805
516.0	2.7151
517.0	2.7945
518.0	2.8718
519.0	2.9830
520.0	3.1237
521.0	3.2763
522.0	3.4146
523.0	3.5286
524.0	3.6066
525.0	3.6902
526.0	3.7974
527.0	3.9698
528.0	4.1103
529.0	4.1846
530.0	4.3021
531.0	4.4131
532.0	4.4852
533.0	4.5644
534.0	4.6308
535.0	4.6635
536.0	4.7064
537.0	4.7449
538.0	4.7448
539.0	4.7889
540.0	4.8523
541.0	4.8536
542.0	4.8811
543.0	4.9418
544.0	5.0107
545.0	5.0400
546.0	5.0219
547.0	5.0853
548.0	5.1368
549.0	5.1282
550.0	5.1671
551.0	5.1994
552.0	5.1874
553.0	5.1820
554.0	5.1885
555.0	5.2149
556.0	5.2465
557.0	5.2605
558.0	5.1981
559.0	5.1749
560.0	5.1872
561.0	5.1249
562.0	5.0675
563.0	5.0340
564.0	4.9865
565.0	4.9339
566.0	4.8788
567.0	4.8218
568.0	4.7671
569.0	4.7219
570.0	4.6471
571.0	4.5541
572.0	4.4567
573.0	4.3812
574.0	4.3221
575.0	4.2545
576.0	4.1973
577.0	4.1482
578.0	4.0712
579.0	4.0121
580.0	3.9854
581.0	3.9239
582.0	3.8674
583.0	3.8433
584.0	3.7992
585.0	3.7504
586.0	3.7166
587.0	3.6874
588.0	3.6567
589.0	3.6046
590.0	3.5557
591.0	3.5172
592.0	3.4984
593.0	3.4913
594.0	3.4887
595.0	3.4382
596.0	3.3884
597.0	3.3749
598.0	3.3484
599.0	3.3221
600.0	3.3184
601.0	3.3194
602.0	3.3156
603.0	3.2787
604.0	3.2500
605.0	3.2403
606.0	3.2203
607.0	3.1998
608.0	3.1825
609.0	3.1320
610.0	3.0825
611.0	3.0691
612.0	3.0412
613.0	3.0043
614.0	2.9796
615.0	2.9526
616.0	2.9207
617.0	2.8802
618.0	2.8311
619.0	2.7770
620.0	2.7734
621.0	2.7796
622.0	2.7577
623.0	2.7271
624.0	2.7025
625.0	2.7157
626.0	2.7009
627.0	2.6613
628.0	2.6666
629.0	2.6639
630.0	2.6417
631.0	2.6659
632.0	2.6913
633.0	2.6760
634.0	2.6368
635.0	2.5793
636.0	2.5033
637.0	2.4619
638.0	2.4503
639.0	2.4061
640.0	2.3330
641.0	2.2316
642.0	2.1486
643.0	2.0751
644.0	2.0076
645.0	1.9315
646.0	1.8520
647.0	1.7790
648.0	1.6908
649.0	1.5984
650.0	1.5977
651.0	1.5994
652.0	1.5700
653.0	1.5575
654.0	1.5536
655.0	1.5562
656.0	1.5343
657.0	1.4957
658.0	1.4697
659.0	1.4424
660.0	1.4143
661.0	1.4075
662.0	1.3838
663.0	1.3196
664.0	1.2942
665.0	1.2829
666.0	1.2447
667.0	1.2006
668.0	1.1622
669.0	1.1627
670.0	1.1595
671.0	1.1411
672.0	1.1359
673.0	1.1375
674.0	1.1422
675.0	1.1492
676.0	1.1601
677.0	1.1838
678.0	1.1805
679.0	1.1548
680.0	1.1750
681.0	1.2013
682.0	1.2142
683.0	1.2539
684.0	1.3172
685.0	1.4031
686.0	1.4888
687.0	1.5779
688.0	1.7182
689.0	1.8741
690.0	2.0362
691.0	2.2911
692.0	2.5876
693.0	2.8794
694.0	3.1960
695.0	3.5433
696.0	3.9452
697.0	4.3380
698.0	4.7028
699.0	5.0821
700.0	5.4693
701.0	5.8639
702.0	6.2401
703.0	6.5992
704.0	6.9522
705.0	7.2772
706.0	7.5744
707.0	7.8699
708.0	8.1490
709.0	8.4048
710.0	8.6599
711.0	8.8954
712.0	9.0709
713.0	9.2575
714.0	9.4646
715.0	9.6825
716.0	9.8830
717.0	10.0471
718.0	10.2091
719.0	10.3704
720.0	10.5389
721.0	10.6826
722.0	10.8027
723.0	10.9394
724.0	11.0794
725.0	11.2186
726.0	11.3307
727.0	11.4351
728.0	11.5701
729.0	11.6841
730.0	11.7694
731.0	11.8223
732.0	11.8813
733.0	11.9709
734.0	12.0489
735.0	12.1190
736.0	12.1880
737.0	12.2414
738.0	12.2805
739.0	12.3289
740.0	12.3803
741.0	12.4334
742.0	12.4608
743.0	12.4812
744.0	12.5328
745.0	12.5529
746.0	12.5437
747.0	12.5799
748.0	12.6118
749.0	12.6141
750.0	12.6403
751.0	12.6696
752.0	12.6653
753.0	12.6577
754.0	12.6527
755.0	12.6691
756.0	12.6897
757.0	12.6988
758.0	12.7037
759.0	12.7047
760.0	12.6987
761.0	12.7059
762.0	12.7298
763.0	12.7022
764.0	12.6708
765.0	12.6789
766.0	12.7069
767.0	12.7390
768.0	12.7249
769.0	12.7134
770.0	12.7170
771.0	12.6989
772.0	12.6893
773.0	12.7365
774.0	12.7494
775.0	12.7210
776.0	12.6937
777.0	12.6820
778.0	12.6990
779.0	12.7154
780.0	12.7280
781.0	12.7303
782.0	12.7202
783.0	12.7004
784.0	12.6946
785.0	12.6989
786.0	12.7126
787.0	12.7231
788.0	12.7277
789.0	12.7182
790.0	12.7129
791.0	12.7174
792.0	12.7267
793.0	12.7323
794.0	12.7233
795.0	12.7205
796.0	12.7228
797.0	12.7034
798.0	12.6985
799.0	12.7302
800.0	12.7195
801.0	12.6952
802.0	12.7063
803.0	12.7131
804.0	12.7081
805.0	12.7038
806.0	12.7062
807.0	12.7250
808.0	12.7270
809.0	12.7143
810.0	12.6937
811.0	12.6861
812.0	12.7036
813.0	12.7220
814.0	12.7321
815.0	12.7115
816.0	12.7041
817.0	12.7139
818.0	12.7191
819.0	12.7254
820.0	12.7366
821.0	12.7449
822.0	12.7508
823.0	12.7592
824.0	12.7609
825.0	12.7510
826.0	12.7251
827.0	12.6998
828.0	12.7049
829.0	12.7196
830.0	12.7385
831.0	12.7458
832.0	12.7359
833.0	12.6957
834.0	12.6850
835.0	12.6937
836.0	12.6632
837.0	12.6577
838.0	12.7138
839.0	12.7341
840.0	12.7302
841.0	12.7159
842.0	12.7032
843.0	12.6966
844.0	12.6998
845.0	12.7033
846.0	12.6979
847.0	12.6843
848.0	12.6643
849.0	12.6456
850.0	12.6446
851.0	12.6736
852.0	12.6884
853.0	12.6901
854.0	12.6832
855.0	12.6840
856.0	12.6973
857.0	12.6976
858.0	12.6833
859.0	12.6392
860.0	12.6458
861.0	12.7023
862.0	12.7014
863.0	12.6780
864.0	12.6553
865.0	12.6475
866.0	12.6484
867.0	12.6259
868.0	12.6153
869.0	12.6361
870.0	12.6564
871.0	12.6682
872.0	12.6428
873.0	12.6270
874.0	12.6342
875.0	12.6246
876.0	12.6117
877.0	12.6204
878.0	12.6139
879.0	12.5856
880.0	12.5923
881.0	12.6012
882.0	12.5820
883.0	12.5588
884.0	12.5429
885.0	12.5978
886.0	12.6473
887.0	12.6324
888.0	12.6123
889.0	12.5919
890.0	12.5739
891.0	12.5788
892.0	12.6224
893.0	12.6270
894.0	12.6026
895.0	12.5886
896.0	12.5704
897.0	12.5456
898.0	12.5342
899.0	12.5366
900.0	12.5603
901.0	12.5689
902.0	12.5532
903.0	12.5304
904.0	12.5134
905.0	12.5269
906.0	12.5308
907.0	12.5224
908.0	12.5354
909.0	12.5359
910.0	12.4860
911.0	12.4586
912.0	12.4595
913.0	12.4689
914.0	12.4883
915.0	12.5243
916.0	12.5078
917.0	12.4514
918.0	12.4077
919.0	12.3815
920.0	12.3808
921.0	12.3939
922.0	12.4164
923.0	12.4374
924.0	12.4317
925.0	12.3798
926.0	12.3595
927.0	12.3591
928.0	12.3219
929.0	12.3307
930.0	12.4280
931.0	12.4185
932.0	12.3528
933.0	12.3215
934.0	12.3086
935.0	12.3132
936.0	12.2930
937.0	12.2640
938.0	12.2572
939.0	12.2583
940.0	12.2643
941.0	12.2972
942.0	12.3181
943.0	12.2189
944.0	12.1422
945.0	12.1295
946.0	12.1573
947.0	12.1778
948.0	12.0950
949.0	12.0154
950.0	11.9624
951.0	11.9669
952.0	12.0026
953.0	12.0359
954.0	12.0224
955.0	11.9497
956.0	11.8872
957.0	11.8508
958.0	11.8822
959.0	11.9106
960.0	11.9193
961.0	11.9043
962.0	11.8787
963.0	11.8650
964.0	11.8522
965.0	11.8394
966.0	11.8535
967.0	11.8738
968.0	11.8681
969.0	11.8402
970.0	11.7903
971.0	11.7848
972.0	11.7876
973.0	11.7053
974.0	11.6684
975.0	11.7125
976.0	11.7372
977.0	11.7462
978.0	11.7238
979.0	11.7363
980.0	11.8022
981.0	11.8158
982.0	11.7874
983.0	11.7086
984.0	11.6628
985.0	11.6951
986.0	11.6811
987.0	11.6541
988.0	11.6929
989.0	11.7099
990.0	11.6672
991.0	11.6184
992.0	11.5786
993.0	11.6118
994.0	11.6684
995.0	11.7239
996.0	11.7789
997.0	11.8278
998.0	11.8495
999.0	11.8513
1000.0	11.8402
1001.0	11.7694
1002.0	11.6532
1003.0	11.6764
1004.0	11.7180
1005.0	11.6550
1006.0	11.6916
1007.0	11.8223
1008.0	11.8001
1009.0	11.7445
1010.0	11.7926
1011.0	11.8041
1012.0	11.7535
1013.0	11.8560
1014.0	11.9740
1015.0	11.7492
1016.0	11.6686
1017.0	11.8645
1018.0	11.8781
1019.0	11.7938
1020.0	11.7416
1021.0	11.6911
1022.0	11.6373
1023.0	11.6324
1024.0	11.6797
1025.0	11.8200
1026.0	11.9197
1027.0	11.8609
1028.0	11.7759
1029.0	11.6933
1030.0	11.7661
1031.0	11.8611
1032.0	11.8169
1033.0	11.7260
1034.0	11.6084
1035.0	11.7357
1036.0	11.9370
1037.0	11.8056
1038.0	11.7489
1039.0	11.9422
1040.0	12.0386
1041.0	12.0300
1042.0	11.8788
1043.0	11.7201
1044.0	11.6574
1045.0	11.6750
1046.0	11.7486
1047.0	11.6300
1048.0	11.5003
1049.0	11.6019
1050.0	11.6249
1051.0	11.5076
1052.0	11.6502
1053.0	11.8323
1054.0	11.4986
1055.0	11.3253
1056.0	11.6203
1057.0	11.7045
1058.0	11.6312
1059.0	11.6423
1060.0	11.7440
1061.0	12.0073
1062.0	12.1464
1063.0	12.1506
1064.0	12.2407
1065.0	12.3004
1066.0	12.1277
1067.0	11.9663
1068.0	11.9207
1069.0	11.8485
1070.0	11.7713
1071.0	11.8510
1072.0	11.7771
1073.0	11.1994
1074.0	11.1748
1075.0	11.7088
1076.0	11.7848
1077.0	11.7452
1078.0	12.0237
1079.0	12.1986
1080.0	12.0934
1081.0	12.0709
1082.0	12.0788
1083.0	11.8202
1084.0	11.6313
1085.0	11.8132
1086.0	11.7903
1087.0	11.4601
1088.0	11.2045
1089.0	11.1019
1090.0	11.5654
1091.0	11.6038
1092.0	10.6547
1093.0	10.5795
1094.0	11.3763
1095.0	11.5635
1096.0	11.6038
1097.0	11.9584
1098.0	12.0801
1099.0	11.8555
1100.0	11.7191
