Comment: 
Version: 2.3 [3.0.8263]
File Name: C:\Users\Algiz 8X\Desktop\230621_toma5\cavendish\PSR-1100f_SN22A44H3_00037.sed
Instrument: PSR-1100f_22A44H3
Detectors: 512,0,0
Measurement: REFLECTANCE
Date: 06/21/2023,06/21/2023
Time: 10:49:25.71,11:02:16.86
Temperature (C): 29.04,31.29
Battery Voltage: 8.27,8.20
Averages: 10,10
Integration: 23,100
Dark Mode: AUTO,AUTO
Foreoptic: FIBER1 {RADIANCE},FIBER1 {RADIANCE}
Radiometric Calibration: RADIANCE
Units: W/m^2/sr/nm
Wavelength Range: 320,1100
Latitude: n/a
Longitude: n/a
Altitude: n/a
UTC Time: n/a
Satellites: n/a
Calibrated Reference Correction File: Sticker
Channels: 781
Columns [2]:
Data:
Wvl	Reflect. %
320.0	5.5093
321.0	5.1217
322.0	5.6154
323.0	6.5410
324.0	6.6815
325.0	6.1388
326.0	5.5745
327.0	6.4759
328.0	8.0085
329.0	9.7189
330.0	10.8750
331.0	11.0712
332.0	10.5653
333.0	9.9249
334.0	9.9023
335.0	9.8876
336.0	8.9924
337.0	9.0899
338.0	9.1209
339.0	7.6210
340.0	5.9055
341.0	4.6448
342.0	4.7489
343.0	4.6706
344.0	4.3415
345.0	3.6752
346.0	2.5007
347.0	1.8929
348.0	2.6697
349.0	3.5416
350.0	4.1583
351.0	4.1900
352.0	3.7009
353.0	3.0361
354.0	2.4665
355.0	1.8848
356.0	1.2392
357.0	0.5473
358.0	0.1259
359.0	0.1737
360.0	0.7221
361.0	1.1151
362.0	1.3181
363.0	1.2927
364.0	1.1586
365.0	1.0141
366.0	0.9035
367.0	0.6961
368.0	0.7031
369.0	0.9680
370.0	1.2501
371.0	1.8479
372.0	2.6447
373.0	2.8963
374.0	3.0108
375.0	3.0157
376.0	2.6653
377.0	2.3002
378.0	2.0114
379.0	1.8360
380.0	1.6503
381.0	1.4992
382.0	1.7489
383.0	1.7941
384.0	1.6429
385.0	1.9770
386.0	2.1006
387.0	2.0211
388.0	1.9535
389.0	2.0755
390.0	2.2179
391.0	1.9274
392.0	1.6243
393.0	1.4314
394.0	1.5614
395.0	1.5602
396.0	1.4869
397.0	1.5846
398.0	1.7810
399.0	1.8809
400.0	1.4132
401.0	1.0543
402.0	0.8375
403.0	0.6662
404.0	0.6035
405.0	0.6985
406.0	1.0885
407.0	1.3651
408.0	1.4827
409.0	1.4248
410.0	1.4042
411.0	1.3928
412.0	1.2444
413.0	1.2624
414.0	1.3983
415.0	1.4803
416.0	1.5195
417.0	1.4946
418.0	1.3368
419.0	1.3032
420.0	1.3613
421.0	1.3909
422.0	1.2980
423.0	1.1488
424.0	1.1107
425.0	1.1770
426.0	1.2907
427.0	1.3487
428.0	1.1474
429.0	0.8948
430.0	1.1593
431.0	1.1836
432.0	1.0798
433.0	1.3240
434.0	1.2376
435.0	0.9902
436.0	1.1451
437.0	1.1764
438.0	1.1240
439.0	1.1977
440.0	1.2753
441.0	1.3048
442.0	1.1783
443.0	1.0983
444.0	1.1030
445.0	1.2604
446.0	1.2215
447.0	1.0791
448.0	1.2442
449.0	1.2773
450.0	1.1732
451.0	1.3610
452.0	1.3437
453.0	1.1177
454.0	1.1320
455.0	1.2052
456.0	1.2742
457.0	1.2036
458.0	1.1288
459.0	1.0997
460.0	1.2294
461.0	1.2381
462.0	1.0623
463.0	1.0404
464.0	1.1173
465.0	1.2604
466.0	1.2581
467.0	1.2182
468.0	1.1831
469.0	1.1718
470.0	1.1980
471.0	1.2615
472.0	1.2676
473.0	1.2390
474.0	1.1885
475.0	1.0976
476.0	1.0808
477.0	1.2218
478.0	1.1798
479.0	1.1609
480.0	1.3120
481.0	1.3049
482.0	1.2355
483.0	1.2273
484.0	1.2591
485.0	1.2832
486.0	1.2324
487.0	1.2150
488.0	1.2395
489.0	1.3132
490.0	1.3856
491.0	1.4360
492.0	1.4312
493.0	1.3950
494.0	1.3546
495.0	1.3808
496.0	1.4550
497.0	1.5450
498.0	1.5113
499.0	1.5644
500.0	1.7018
501.0	1.6238
502.0	1.5901
503.0	1.6946
504.0	1.8104
505.0	1.9492
506.0	2.1107
507.0	2.2112
508.0	2.2626
509.0	2.2727
510.0	2.3794
511.0	2.5303
512.0	2.6909
513.0	2.7736
514.0	2.8397
515.0	2.9675
516.0	3.1515
517.0	3.3725
518.0	3.5994
519.0	3.6874
520.0	3.7088
521.0	3.9387
522.0	4.1025
523.0	4.1773
524.0	4.3195
525.0	4.4649
526.0	4.6009
527.0	4.7584
528.0	4.8771
529.0	4.9391
530.0	5.0545
531.0	5.1682
532.0	5.2438
533.0	5.3191
534.0	5.4022
535.0	5.5079
536.0	5.5665
537.0	5.6007
538.0	5.6526
539.0	5.6609
540.0	5.6538
541.0	5.7085
542.0	5.7801
543.0	5.8455
544.0	5.8202
545.0	5.8305
546.0	5.9095
547.0	5.9682
548.0	6.0177
549.0	6.0578
550.0	6.0555
551.0	6.0501
552.0	6.0706
553.0	6.0924
554.0	6.1129
555.0	6.1293
556.0	6.1358
557.0	6.1268
558.0	6.0857
559.0	6.0674
560.0	6.0707
561.0	6.0472
562.0	6.0119
563.0	5.9671
564.0	5.9168
565.0	5.8610
566.0	5.7998
567.0	5.7340
568.0	5.6616
569.0	5.5794
570.0	5.4961
571.0	5.4138
572.0	5.3379
573.0	5.2458
574.0	5.1496
575.0	5.0905
576.0	5.0596
577.0	5.0427
578.0	4.9651
579.0	4.8852
580.0	4.8254
581.0	4.7739
582.0	4.7265
583.0	4.6790
584.0	4.6186
585.0	4.5573
586.0	4.5101
587.0	4.4771
588.0	4.4520
589.0	4.4131
590.0	4.3854
591.0	4.3682
592.0	4.3235
593.0	4.2964
594.0	4.3004
595.0	4.2590
596.0	4.2216
597.0	4.2231
598.0	4.1750
599.0	4.1168
600.0	4.1189
601.0	4.1106
602.0	4.0920
603.0	4.0874
604.0	4.0619
605.0	4.0113
606.0	4.0133
607.0	4.0112
608.0	3.9760
609.0	3.9535
610.0	3.9298
611.0	3.8935
612.0	3.8517
613.0	3.8059
614.0	3.7567
615.0	3.7257
616.0	3.7041
617.0	3.6035
618.0	3.5324
619.0	3.5303
620.0	3.5289
621.0	3.5266
622.0	3.5164
623.0	3.4951
624.0	3.4655
625.0	3.4262
626.0	3.4152
627.0	3.4323
628.0	3.4446
629.0	3.4510
630.0	3.4488
631.0	3.4296
632.0	3.4072
633.0	3.3963
634.0	3.3808
635.0	3.3536
636.0	3.2999
637.0	3.2408
638.0	3.1780
639.0	3.1026
640.0	3.0341
641.0	2.9771
642.0	2.9042
643.0	2.8117
644.0	2.6901
645.0	2.5728
646.0	2.4732
647.0	2.4172
648.0	2.3742
649.0	2.3363
650.0	2.2857
651.0	2.2376
652.0	2.1990
653.0	2.1832
654.0	2.1850
655.0	2.2041
656.0	2.2047
657.0	2.1834
658.0	2.1284
659.0	2.0990
660.0	2.0980
661.0	2.0596
662.0	2.0155
663.0	1.9802
664.0	1.9303
665.0	1.8907
666.0	1.9156
667.0	1.8933
668.0	1.8374
669.0	1.8214
670.0	1.7915
671.0	1.7387
672.0	1.7585
673.0	1.7970
674.0	1.8074
675.0	1.8119
676.0	1.8130
677.0	1.8108
678.0	1.8315
679.0	1.8744
680.0	1.9083
681.0	1.9385
682.0	1.9648
683.0	2.0145
684.0	2.0861
685.0	2.1785
686.0	2.2888
687.0	2.4167
688.0	2.5590
689.0	2.7443
690.0	2.9823
691.0	3.2525
692.0	3.5601
693.0	3.9133
694.0	4.2635
695.0	4.6202
696.0	5.0234
697.0	5.4439
698.0	5.8737
699.0	6.3252
700.0	6.7681
701.0	7.1716
702.0	7.5504
703.0	7.9136
704.0	8.2902
705.0	8.6457
706.0	8.9756
707.0	9.2922
708.0	9.5905
709.0	9.8683
710.0	10.1315
711.0	10.3813
712.0	10.6190
713.0	10.8500
714.0	11.0779
715.0	11.3233
716.0	11.5409
717.0	11.7024
718.0	11.8914
719.0	12.0854
720.0	12.2454
721.0	12.4123
722.0	12.5898
723.0	12.7651
724.0	12.9289
725.0	13.0741
726.0	13.2106
727.0	13.3307
728.0	13.4147
729.0	13.5146
730.0	13.6338
731.0	13.7416
732.0	13.8386
733.0	13.9225
734.0	13.9963
735.0	14.0638
736.0	14.1318
737.0	14.1975
738.0	14.2603
739.0	14.3174
740.0	14.3702
741.0	14.4190
742.0	14.4709
743.0	14.5164
744.0	14.5362
745.0	14.5608
746.0	14.5926
747.0	14.6151
748.0	14.6384
749.0	14.6675
750.0	14.6835
751.0	14.6917
752.0	14.7012
753.0	14.7033
754.0	14.7002
755.0	14.7204
756.0	14.7450
757.0	14.7590
758.0	14.7403
759.0	14.7095
760.0	14.7382
761.0	14.7682
762.0	14.7827
763.0	14.7718
764.0	14.7562
765.0	14.7565
766.0	14.7581
767.0	14.7597
768.0	14.7571
769.0	14.7629
770.0	14.7802
771.0	14.7943
772.0	14.7992
773.0	14.7795
774.0	14.7688
775.0	14.7710
776.0	14.7766
777.0	14.7783
778.0	14.7699
779.0	14.7830
780.0	14.7994
781.0	14.7835
782.0	14.7905
783.0	14.8212
784.0	14.8108
785.0	14.7906
786.0	14.7861
787.0	14.7929
788.0	14.8049
789.0	14.8000
790.0	14.8039
791.0	14.8227
792.0	14.8241
793.0	14.8201
794.0	14.8201
795.0	14.8177
796.0	14.8122
797.0	14.8002
798.0	14.7995
799.0	14.8213
800.0	14.8379
801.0	14.8473
802.0	14.8418
803.0	14.8411
804.0	14.8490
805.0	14.8412
806.0	14.8363
807.0	14.8541
808.0	14.8615
809.0	14.8598
810.0	14.8554
811.0	14.8597
812.0	14.8800
813.0	14.8732
814.0	14.8587
815.0	14.8715
816.0	14.8732
817.0	14.8616
818.0	14.8634
819.0	14.8637
820.0	14.8456
821.0	14.8632
822.0	14.8989
823.0	14.8872
824.0	14.8727
825.0	14.8710
826.0	14.8752
827.0	14.8840
828.0	14.8951
829.0	14.9087
830.0	14.9234
831.0	14.9339
832.0	14.9278
833.0	14.8853
834.0	14.8846
835.0	14.9154
836.0	14.9297
837.0	14.9184
838.0	14.8689
839.0	14.8783
840.0	14.9074
841.0	14.8896
842.0	14.8728
843.0	14.8665
844.0	14.8747
845.0	14.8828
846.0	14.8729
847.0	14.8840
848.0	14.9110
849.0	14.8871
850.0	14.8727
851.0	14.9012
852.0	14.9141
853.0	14.9122
854.0	14.8985
855.0	14.8974
856.0	14.9163
857.0	14.9142
858.0	14.9023
859.0	14.8951
860.0	14.8996
861.0	14.9152
862.0	14.9326
863.0	14.9371
864.0	14.9087
865.0	14.8938
866.0	14.8897
867.0	14.8749
868.0	14.8670
869.0	14.8754
870.0	14.8785
871.0	14.8716
872.0	14.8363
873.0	14.8144
874.0	14.8191
875.0	14.8671
876.0	14.9138
877.0	14.8701
878.0	14.8502
879.0	14.8772
880.0	14.8789
881.0	14.8642
882.0	14.8317
883.0	14.8244
884.0	14.8422
885.0	14.8442
886.0	14.8445
887.0	14.8502
888.0	14.8513
889.0	14.8470
890.0	14.8321
891.0	14.8230
892.0	14.8295
893.0	14.8422
894.0	14.8607
895.0	14.8909
896.0	14.8959
897.0	14.8658
898.0	14.8734
899.0	14.8861
900.0	14.8448
901.0	14.8239
902.0	14.8372
903.0	14.8093
904.0	14.7753
905.0	14.7741
906.0	14.7824
907.0	14.7962
908.0	14.8128
909.0	14.8133
910.0	14.7726
911.0	14.7462
912.0	14.7417
913.0	14.7677
914.0	14.7902
915.0	14.7801
916.0	14.7701
917.0	14.7590
918.0	14.7332
919.0	14.7062
920.0	14.6847
921.0	14.6782
922.0	14.6802
923.0	14.6578
924.0	14.6475
925.0	14.6707
926.0	14.6644
927.0	14.6433
928.0	14.6640
929.0	14.6759
930.0	14.6586
931.0	14.6206
932.0	14.5773
933.0	14.5647
934.0	14.5576
935.0	14.5489
936.0	14.5231
937.0	14.4888
938.0	14.4613
939.0	14.4457
940.0	14.4443
941.0	14.4541
942.0	14.4682
943.0	14.4716
944.0	14.4707
945.0	14.4662
946.0	14.4179
947.0	14.3591
948.0	14.3537
949.0	14.3291
950.0	14.2706
951.0	14.2287
952.0	14.2087
953.0	14.2371
954.0	14.2232
955.0	14.1461
956.0	14.0927
957.0	14.0571
958.0	14.0395
959.0	14.0126
960.0	13.9703
961.0	13.9776
962.0	13.9977
963.0	13.9602
964.0	13.9558
965.0	14.0033
966.0	14.0368
967.0	14.0433
968.0	13.9804
969.0	13.9623
970.0	14.0143
971.0	13.9793
972.0	13.9107
973.0	13.9163
974.0	13.9231
975.0	13.9134
976.0	13.9190
977.0	13.9396
978.0	13.9922
979.0	13.9980
980.0	13.9349
981.0	13.9301
982.0	13.9600
983.0	14.0045
984.0	13.9968
985.0	13.8951
986.0	13.8752
987.0	13.8970
988.0	13.8711
989.0	13.9007
990.0	14.0414
991.0	14.0253
992.0	13.9068
993.0	13.9302
994.0	13.9855
995.0	14.0284
996.0	14.0604
997.0	14.0743
998.0	14.0317
999.0	13.9869
1000.0	13.9817
1001.0	13.9765
1002.0	13.9750
1003.0	14.0585
1004.0	14.1354
1005.0	14.1155
1006.0	14.0591
1007.0	13.9863
1008.0	14.0326
1009.0	14.1237
1010.0	14.1935
1011.0	14.2130
1012.0	14.1711
1013.0	14.1359
1014.0	14.1105
1015.0	14.1159
1016.0	14.1214
1017.0	14.1186
1018.0	14.1605
1019.0	14.1881
1020.0	14.0298
1021.0	13.9426
1022.0	14.0448
1023.0	14.1400
1024.0	14.2180
1025.0	14.2512
1026.0	14.2572
1027.0	14.2488
1028.0	14.1790
1029.0	14.0659
1030.0	14.1359
1031.0	14.2265
1032.0	14.1160
1033.0	14.1073
1034.0	14.2622
1035.0	14.2503
1036.0	14.1804
1037.0	14.2735
1038.0	14.3816
1039.0	14.4607
1040.0	14.4071
1041.0	14.2692
1042.0	14.2642
1043.0	14.2600
1044.0	14.1628
1045.0	14.1423
1046.0	14.1934
1047.0	14.0866
1048.0	13.9905
1049.0	14.1269
1050.0	14.2559
1051.0	14.3261
1052.0	14.3415
1053.0	14.3122
1054.0	14.2267
1055.0	14.2317
1056.0	14.4182
1057.0	14.4044
1058.0	14.2525
1059.0	14.2735
1060.0	14.2358
1061.0	13.9413
1062.0	13.8361
1063.0	13.9684
1064.0	14.4353
1065.0	14.8507
1066.0	14.4127
1067.0	14.0409
1068.0	14.1130
1069.0	14.3471
1070.0	14.6841
1071.0	14.9270
1072.0	15.0718
1073.0	15.1031
1074.0	14.8314
1075.0	14.3134
1076.0	14.2584
1077.0	14.3669
1078.0	14.2596
1079.0	14.2085
1080.0	14.3073
1081.0	14.4755
1082.0	14.6991
1083.0	14.9879
1084.0	15.1105
1085.0	14.8203
1086.0	14.6206
1087.0	14.6005
1088.0	14.5365
1089.0	14.3672
1090.0	13.7926
1091.0	13.5136
1092.0	13.8953
1093.0	13.9656
1094.0	13.7841
1095.0	14.8229
1096.0	15.7109
1097.0	14.4502
1098.0	13.8112
1099.0	14.4028
1100.0	14.2681
