Comment: 
Version: 2.3 [3.0.8263]
File Name: C:\Users\Algiz 8X\Desktop\230621_toma5\cavendish\PSR-1100f_SN22A44H3_00040.sed
Instrument: PSR-1100f_22A44H3
Detectors: 512,0,0
Measurement: REFLECTANCE
Date: 06/21/2023,06/21/2023
Time: 10:49:25.71,11:02:42.55
Temperature (C): 29.04,31.29
Battery Voltage: 8.27,8.20
Averages: 10,10
Integration: 23,100
Dark Mode: AUTO,AUTO
Foreoptic: FIBER1 {RADIANCE},FIBER1 {RADIANCE}
Radiometric Calibration: RADIANCE
Units: W/m^2/sr/nm
Wavelength Range: 320,1100
Latitude: n/a
Longitude: n/a
Altitude: n/a
UTC Time: n/a
Satellites: n/a
Calibrated Reference Correction File: Sticker
Channels: 781
Columns [2]:
Data:
Wvl	Reflect. %
320.0	19.8450
321.0	20.0628
322.0	20.3388
323.0	20.7914
324.0	21.0996
325.0	21.2186
326.0	20.8421
327.0	19.2714
328.0	17.1724
329.0	15.1297
330.0	14.3290
331.0	13.7036
332.0	12.7762
333.0	10.8475
334.0	11.0348
335.0	11.5502
336.0	9.8887
337.0	9.0914
338.0	8.8476
339.0	8.6624
340.0	9.2907
341.0	10.0881
342.0	10.2107
343.0	8.9865
344.0	7.6067
345.0	6.9355
346.0	5.8117
347.0	4.5671
348.0	3.4384
349.0	3.4616
350.0	3.9690
351.0	4.4914
352.0	5.6858
353.0	6.6425
354.0	6.6563
355.0	6.1999
356.0	5.6331
357.0	5.0903
358.0	4.0477
359.0	3.3471
360.0	3.2552
361.0	2.7521
362.0	2.3968
363.0	2.3842
364.0	2.5901
365.0	2.6712
366.0	2.5021
367.0	2.4581
368.0	2.5679
369.0	2.7454
370.0	2.5604
371.0	2.4013
372.0	2.3940
373.0	2.7278
374.0	3.0690
375.0	3.2686
376.0	3.0341
377.0	2.7036
378.0	2.4081
379.0	2.4104
380.0	2.1810
381.0	1.7237
382.0	1.5707
383.0	1.4914
384.0	1.4808
385.0	1.6803
386.0	2.0972
387.0	2.6485
388.0	3.2402
389.0	3.3031
390.0	3.0757
391.0	3.2817
392.0	3.2005
393.0	2.8925
394.0	2.6058
395.0	2.6195
396.0	2.8096
397.0	2.8511
398.0	2.6084
399.0	2.2565
400.0	2.2410
401.0	2.2443
402.0	2.2158
403.0	2.1032
404.0	1.9989
405.0	1.9234
406.0	1.9018
407.0	1.9045
408.0	1.8954
409.0	1.7732
410.0	1.8294
411.0	2.0166
412.0	2.1925
413.0	2.1295
414.0	1.9011
415.0	1.7010
416.0	1.7309
417.0	1.9150
418.0	2.0503
419.0	2.0277
420.0	1.8820
421.0	1.7168
422.0	1.5523
423.0	1.4549
424.0	1.5565
425.0	1.8325
426.0	2.1249
427.0	2.0654
428.0	2.0696
429.0	2.0896
430.0	1.9033
431.0	1.7861
432.0	1.7543
433.0	1.8136
434.0	1.6251
435.0	1.3809
436.0	1.6462
437.0	1.6809
438.0	1.5823
439.0	1.7623
440.0	1.8528
441.0	1.7993
442.0	1.5226
443.0	1.4097
444.0	1.4604
445.0	1.6015
446.0	1.6162
447.0	1.5487
448.0	1.5929
449.0	1.6824
450.0	1.7756
451.0	1.7381
452.0	1.6906
453.0	1.6804
454.0	1.8078
455.0	1.8958
456.0	1.8924
457.0	1.7374
458.0	1.6317
459.0	1.6422
460.0	1.8767
461.0	1.9951
462.0	1.8930
463.0	1.7297
464.0	1.6005
465.0	1.5670
466.0	1.7196
467.0	1.8448
468.0	1.8540
469.0	1.8326
470.0	1.7417
471.0	1.5914
472.0	1.7418
473.0	1.9021
474.0	1.8618
475.0	1.7649
476.0	1.7153
477.0	1.7966
478.0	1.8136
479.0	1.8136
480.0	1.8255
481.0	1.8207
482.0	1.8176
483.0	1.8437
484.0	1.8243
485.0	1.8156
486.0	1.9064
487.0	1.8532
488.0	1.7393
489.0	1.8109
490.0	1.8288
491.0	1.8197
492.0	1.9030
493.0	1.9785
494.0	2.0165
495.0	1.9306
496.0	1.8886
497.0	1.9325
498.0	2.0797
499.0	2.1996
500.0	2.2535
501.0	2.1742
502.0	2.1329
503.0	2.2001
504.0	2.3015
505.0	2.3999
506.0	2.4675
507.0	2.5386
508.0	2.6249
509.0	2.7352
510.0	2.7622
511.0	2.7972
512.0	2.9315
513.0	3.0622
514.0	3.2188
515.0	3.4498
516.0	3.6231
517.0	3.7453
518.0	3.8512
519.0	3.9678
520.0	4.0922
521.0	4.1966
522.0	4.3541
523.0	4.5528
524.0	4.6684
525.0	4.7830
526.0	4.9158
527.0	5.0299
528.0	5.1453
529.0	5.2683
530.0	5.3802
531.0	5.4826
532.0	5.5756
533.0	5.6572
534.0	5.7228
535.0	5.7644
536.0	5.8085
537.0	5.8537
538.0	5.8987
539.0	5.9224
540.0	5.9397
541.0	5.9952
542.0	6.0188
543.0	6.0172
544.0	6.0783
545.0	6.1269
546.0	6.1474
547.0	6.2147
548.0	6.2650
549.0	6.2632
550.0	6.2597
551.0	6.2588
552.0	6.2650
553.0	6.3198
554.0	6.3665
555.0	6.3222
556.0	6.3371
557.0	6.3798
558.0	6.3526
559.0	6.3221
560.0	6.2963
561.0	6.2742
562.0	6.2294
563.0	6.1579
564.0	6.1186
565.0	6.0933
566.0	6.0749
567.0	6.0050
568.0	5.9048
569.0	5.7858
570.0	5.6990
571.0	5.6387
572.0	5.6050
573.0	5.5356
574.0	5.4422
575.0	5.3755
576.0	5.3241
577.0	5.2801
578.0	5.2020
579.0	5.1297
580.0	5.0787
581.0	5.0514
582.0	5.0205
583.0	4.9647
584.0	4.9100
585.0	4.8566
586.0	4.8051
587.0	4.7579
588.0	4.7210
589.0	4.7222
590.0	4.6867
591.0	4.6149
592.0	4.6076
593.0	4.6133
594.0	4.6103
595.0	4.5465
596.0	4.4925
597.0	4.5009
598.0	4.4737
599.0	4.4452
600.0	4.4857
601.0	4.4583
602.0	4.3878
603.0	4.3851
604.0	4.3842
605.0	4.3663
606.0	4.3154
607.0	4.2751
608.0	4.2709
609.0	4.2383
610.0	4.1991
611.0	4.1742
612.0	4.1240
613.0	4.0668
614.0	4.0545
615.0	4.0284
616.0	3.9867
617.0	3.9783
618.0	3.9578
619.0	3.9090
620.0	3.8599
621.0	3.8205
622.0	3.8051
623.0	3.8043
624.0	3.8005
625.0	3.7581
626.0	3.7351
627.0	3.7363
628.0	3.7366
629.0	3.7408
630.0	3.7492
631.0	3.7619
632.0	3.7674
633.0	3.7542
634.0	3.7045
635.0	3.6468
636.0	3.6348
637.0	3.5982
638.0	3.5309
639.0	3.4574
640.0	3.3836
641.0	3.3121
642.0	3.2383
643.0	3.1481
644.0	3.0210
645.0	2.9382
646.0	2.8855
647.0	2.8474
648.0	2.7805
649.0	2.6880
650.0	2.6396
651.0	2.5958
652.0	2.5452
653.0	2.5361
654.0	2.5381
655.0	2.5247
656.0	2.4952
657.0	2.4629
658.0	2.4785
659.0	2.4662
660.0	2.4179
661.0	2.3757
662.0	2.3438
663.0	2.3294
664.0	2.2784
665.0	2.2254
666.0	2.2374
667.0	2.2154
668.0	2.1695
669.0	2.1539
670.0	2.1493
671.0	2.1509
672.0	2.1397
673.0	2.1318
674.0	2.1454
675.0	2.1308
676.0	2.1096
677.0	2.1457
678.0	2.1557
679.0	2.1379
680.0	2.1578
681.0	2.1999
682.0	2.2609
683.0	2.3113
684.0	2.3525
685.0	2.3715
686.0	2.4675
687.0	2.6400
688.0	2.7739
689.0	2.9555
690.0	3.2096
691.0	3.4433
692.0	3.6961
693.0	4.0002
694.0	4.3501
695.0	4.7394
696.0	5.1556
697.0	5.5710
698.0	5.9746
699.0	6.3760
700.0	6.7714
701.0	7.1576
702.0	7.5388
703.0	7.9123
704.0	8.2728
705.0	8.5974
706.0	8.8897
707.0	9.1981
708.0	9.4927
709.0	9.7591
710.0	9.9905
711.0	10.2090
712.0	10.4580
713.0	10.6796
714.0	10.8709
715.0	11.0662
716.0	11.2616
717.0	11.4579
718.0	11.6231
719.0	11.7751
720.0	11.9476
721.0	12.0988
722.0	12.2288
723.0	12.3812
724.0	12.5164
725.0	12.6118
726.0	12.7372
727.0	12.8675
728.0	12.9565
729.0	13.0647
730.0	13.1913
731.0	13.2716
732.0	13.3434
733.0	13.4249
734.0	13.4861
735.0	13.5398
736.0	13.6096
737.0	13.6697
738.0	13.7166
739.0	13.7504
740.0	13.7875
741.0	13.8391
742.0	13.8748
743.0	13.9028
744.0	13.9342
745.0	13.9764
746.0	14.0231
747.0	14.0222
748.0	14.0216
749.0	14.0470
750.0	14.0766
751.0	14.1025
752.0	14.1097
753.0	14.1083
754.0	14.1033
755.0	14.1282
756.0	14.1588
757.0	14.1750
758.0	14.1629
759.0	14.1349
760.0	14.1279
761.0	14.1451
762.0	14.1862
763.0	14.1847
764.0	14.1750
765.0	14.1887
766.0	14.1860
767.0	14.1730
768.0	14.1729
769.0	14.1823
770.0	14.1990
771.0	14.1784
772.0	14.1533
773.0	14.1629
774.0	14.1843
775.0	14.2093
776.0	14.2043
777.0	14.1969
778.0	14.2016
779.0	14.2014
780.0	14.2001
781.0	14.2054
782.0	14.2002
783.0	14.1860
784.0	14.1986
785.0	14.2161
786.0	14.2190
787.0	14.2203
788.0	14.2209
789.0	14.2222
790.0	14.2245
791.0	14.2278
792.0	14.2295
793.0	14.2229
794.0	14.1953
795.0	14.2028
796.0	14.2413
797.0	14.2365
798.0	14.2272
799.0	14.2306
800.0	14.2458
801.0	14.2595
802.0	14.2433
803.0	14.2437
804.0	14.2701
805.0	14.2743
806.0	14.2646
807.0	14.2428
808.0	14.2347
809.0	14.2420
810.0	14.2711
811.0	14.2855
812.0	14.2659
813.0	14.2651
814.0	14.2725
815.0	14.2715
816.0	14.2710
817.0	14.2717
818.0	14.2708
819.0	14.2706
820.0	14.2738
821.0	14.2759
822.0	14.2767
823.0	14.2781
824.0	14.2739
825.0	14.2606
826.0	14.2407
827.0	14.2397
828.0	14.3193
829.0	14.3364
830.0	14.2840
831.0	14.2797
832.0	14.2873
833.0	14.2813
834.0	14.2796
835.0	14.2803
836.0	14.2707
837.0	14.2690
838.0	14.2859
839.0	14.2864
840.0	14.2818
841.0	14.2957
842.0	14.2832
843.0	14.2376
844.0	14.2582
845.0	14.2899
846.0	14.2826
847.0	14.2832
848.0	14.2888
849.0	14.2429
850.0	14.2200
851.0	14.2641
852.0	14.2824
853.0	14.2800
854.0	14.2798
855.0	14.2837
856.0	14.2928
857.0	14.2725
858.0	14.2525
859.0	14.2902
860.0	14.3094
861.0	14.3021
862.0	14.2912
863.0	14.2819
864.0	14.2824
865.0	14.2892
866.0	14.2949
867.0	14.2640
868.0	14.2412
869.0	14.2508
870.0	14.2779
871.0	14.3042
872.0	14.2595
873.0	14.2538
874.0	14.3165
875.0	14.3153
876.0	14.2845
877.0	14.2756
878.0	14.2649
879.0	14.2489
880.0	14.2288
881.0	14.2144
882.0	14.2147
883.0	14.2316
884.0	14.2609
885.0	14.2745
886.0	14.2793
887.0	14.2780
888.0	14.2530
889.0	14.2176
890.0	14.2366
891.0	14.2336
892.0	14.1617
893.0	14.1675
894.0	14.2271
895.0	14.2558
896.0	14.2627
897.0	14.2475
898.0	14.2454
899.0	14.2499
900.0	14.2568
901.0	14.2425
902.0	14.2019
903.0	14.1694
904.0	14.1516
905.0	14.1679
906.0	14.1782
907.0	14.1795
908.0	14.2044
909.0	14.2314
910.0	14.2433
911.0	14.2340
912.0	14.2047
913.0	14.1725
914.0	14.1447
915.0	14.1297
916.0	14.1251
917.0	14.1299
918.0	14.1456
919.0	14.1573
920.0	14.1568
921.0	14.1203
922.0	14.0745
923.0	14.1485
924.0	14.2137
925.0	14.2004
926.0	14.1818
927.0	14.1625
928.0	14.1572
929.0	14.1376
930.0	14.0894
931.0	14.0779
932.0	14.0842
933.0	14.0737
934.0	14.0467
935.0	14.0023
936.0	13.9837
937.0	13.9781
938.0	13.9583
939.0	13.9554
940.0	13.9774
941.0	14.0048
942.0	14.0233
943.0	13.9920
944.0	13.9509
945.0	13.9122
946.0	13.9036
947.0	13.9129
948.0	13.9248
949.0	13.9232
950.0	13.9025
951.0	13.8570
952.0	13.7909
953.0	13.6953
954.0	13.6669
955.0	13.7289
956.0	13.7616
957.0	13.7666
958.0	13.7294
959.0	13.7106
960.0	13.7237
961.0	13.6702
962.0	13.5954
963.0	13.5752
964.0	13.5567
965.0	13.5303
966.0	13.5092
967.0	13.5100
968.0	13.5707
969.0	13.6201
970.0	13.6408
971.0	13.6147
972.0	13.5645
973.0	13.5277
974.0	13.5477
975.0	13.6357
976.0	13.5810
977.0	13.4696
978.0	13.4708
979.0	13.5157
980.0	13.5878
981.0	13.5977
982.0	13.5724
983.0	13.5553
984.0	13.5470
985.0	13.5526
986.0	13.5741
987.0	13.6070
988.0	13.6584
989.0	13.6578
990.0	13.5626
991.0	13.5345
992.0	13.5585
993.0	13.5667
994.0	13.5620
995.0	13.5386
996.0	13.5193
997.0	13.5160
998.0	13.5962
999.0	13.6513
1000.0	13.5864
1001.0	13.5516
1002.0	13.5529
1003.0	13.4766
1004.0	13.4773
1005.0	13.7498
1006.0	13.7946
1007.0	13.5990
1008.0	13.5279
1009.0	13.5235
1010.0	13.5646
1011.0	13.6740
1012.0	13.8511
1013.0	13.8123
1014.0	13.6711
1015.0	13.6420
1016.0	13.6698
1017.0	13.7441
1018.0	13.6966
1019.0	13.6099
1020.0	13.6624
1021.0	13.7213
1022.0	13.7403
1023.0	13.7127
1024.0	13.6723
1025.0	13.7922
1026.0	13.8708
1027.0	13.7394
1028.0	13.6690
1029.0	13.6823
1030.0	13.7576
1031.0	13.7839
1032.0	13.5291
1033.0	13.5194
1034.0	13.8702
1035.0	13.9290
1036.0	13.8206
1037.0	13.7132
1038.0	13.6806
1039.0	13.7893
1040.0	13.7892
1041.0	13.6969
1042.0	13.5635
1043.0	13.5047
1044.0	13.6327
1045.0	13.8685
1046.0	14.1453
1047.0	13.9021
1048.0	13.5142
1049.0	13.3870
1050.0	13.3972
1051.0	13.5352
1052.0	13.7184
1053.0	13.8421
1054.0	13.5398
1055.0	13.4653
1056.0	13.9524
1057.0	13.9915
1058.0	13.7308
1059.0	13.8919
1060.0	14.0326
1061.0	13.8891
1062.0	13.4741
1063.0	12.9122
1064.0	13.4265
1065.0	14.2639
1066.0	14.4499
1067.0	14.1974
1068.0	13.4344
1069.0	13.2996
1070.0	13.6326
1071.0	13.6607
1072.0	13.7938
1073.0	14.3720
1074.0	14.3944
1075.0	13.8521
1076.0	13.6390
1077.0	13.5542
1078.0	13.3640
1079.0	13.5327
1080.0	14.3332
1081.0	14.4767
1082.0	14.0680
1083.0	13.5097
1084.0	13.1280
1085.0	13.3207
1086.0	13.3784
1087.0	13.1831
1088.0	13.3367
1089.0	13.6757
1090.0	13.9803
1091.0	14.0126
1092.0	13.6096
1093.0	13.1996
1094.0	12.8463
1095.0	12.8551
1096.0	13.0419
1097.0	13.2796
1098.0	13.2419
1099.0	12.8303
1100.0	13.2230
